0 10000 130000 0.0063160661055296895 5.433669131999977 [0.9911795237080162, 0.982462217040034, 0.9651723659267544, 0.9313499347908725, 0.8673727786362392]
0 10000 130000 0.00715890631800852 4.857392368000035 [0.9904449389039326, 0.9811908954880331, 0.9627946633565689, 0.9270318411833779, 0.8593495034428568]
0 10000 130000 0.006369239694362285 5.364785271000017 [0.9912173310723159, 0.9823751641831124, 0.964997420935051, 0.9310764400063317, 0.867025799501065]
0 10000 130000 0.00026426049732593043 5.039907677000031 [0.9982304657377958, 0.9964790805752859, 0.9929537148797568, 0.9859169950093644, 0.9719588631595436]
0 10000 130000 0.06109860370861947 5.087965509000014 [1.0247120783917825, 1.050226231039144, 1.1031866522725373, 1.217314856591138, 1.4827227902317546]
0 10000 130000 0.005057471525977646 5.345915416000025 [0.9921212956229557, 0.9843321030755815, 0.9688812836810176, 0.9385380621556941, 0.8808230328263877]
0 10000 130000 0.006819440613374222 5.06414412700002 [0.990660021836206, 0.9816730897777423, 0.963716503680682, 0.9288559070582786, 0.8624564483883728]
0 10000 130000 0.004162308032819489 6.044381345999966 [0.9929483437417383, 0.9857107862533145, 0.9716802463681476, 0.9443698383605086, 0.8917107229239978]
0 10000 130000 0.16127667598777504 7.05198814900001 [1.038601802596987, 1.0789109902739962, 1.1640539172953048, 1.3556638349716208, 1.83884031136734]
0 10000 130000 0.006334006917811809 5.248582440000007 [0.9911784961454668, 0.9823630598342327, 0.965099897186206, 0.9313073942328347, 0.8670823109406215]
0 10000 130000 0.0017385101248761081 6.5252081259999954 [0.9954422082520896, 0.9908794903716613, 0.9817904193250444, 0.9639089331197368, 0.929095132574901]
0 10000 130000 0.005409238445628074 4.983397357000001 [0.9919777417042912, 0.9838929967901568, 0.9678714521560449, 0.9365488514708228, 0.8767066456681742]
0 10000 130000 0.0011576446981595777 4.938671614999976 [0.996259612745234, 0.9925283331557688, 0.9851424976264052, 0.9705626700743077, 0.9419587133312913]
0 10000 130000 0.003960232080172935 6.643858933999979 [0.9930455315250478, 0.9861211625770392, 0.9725103197100763, 0.9456812224787146, 0.8939734549787631]
0 10000 130000 0.006525351351841736 4.921854228000029 [0.9907841965255337, 0.9819041461445411, 0.964443760055821, 0.9306873835100777, 0.8661696485799828]
0 10000 130000 0.0030570506931693053 5.570538826000018 [0.9939427190886023, 0.9879113735146872, 0.9758984935603973, 0.9522391127644539, 0.9064461534987723]
0 10000 130000 0.006911555547179298 6.220316618000027 [0.9906777038201081, 0.981490350205808, 0.963337153139232, 0.9286163034812149, 0.8620781112244429]
0 10000 130000 0.018508102215221485 5.263127051000026 [1.0141297590558096, 1.028461286509423, 1.0579185754873792, 1.1188693762513275, 1.2518424575037501]
0 10000 130000 0.006465806861358062 6.9890624489999595 [0.9910224585923806, 0.9821257195644038, 0.9647309843700392, 0.9305926840869384, 0.8659253605794303]
0 10000 130000 0.0047575504230610325 5.31233215200001 [0.9923379461200723, 0.9847375450593387, 0.9698151304427522, 0.9404392238440825, 0.8842001723932866]
0 10000 130000 0.00890182403662338 5.481388003000006 [0.9894667201359495, 0.9789489781213563, 0.958511655128992, 0.9186290095861667, 0.8438563349500111]
0 10000 130000 0.003526239425902944 6.486111716999972 [0.9933677722357254, 0.9868548663234964, 0.9739521926072654, 0.9487699290350587, 0.9000266047665826]
0 10000 130000 0.0047743150260784045 5.225663037999993 [0.9922998553203242, 0.9847250719942137, 0.9696685670732378, 0.9403287178002755, 0.8842446367291596]
0 10000 130000 0.007037958075801794 6.556133138999996 [0.9906582429062124, 0.9814776957179987, 0.9631988084848097, 0.9276360769668914, 0.8601363152952021]
0 10000 130000 0.004424104747919936 5.179155342999991 [0.9927076727179807, 0.9853842970183706, 0.9709626923577928, 0.9425868143863066, 0.8880981699047902]
0 10000 130000 0.008776073171191171 4.784375765999982 [0.9895827239346457, 0.9793231013330918, 0.9588734188011896, 0.9192437782667677, 0.8445729938155965]
0 10000 130000 0.005686150536716221 6.3529441140000245 [0.9916030447045697, 0.9833119802214831, 0.9669452129674957, 0.9349050920313633, 0.8737971320468787]
0 5180 67340 0.00010000296977446392 2.5205190369999855 [1.0010820549136366, 1.002157430720281, 1.0043205010020517, 1.0086840042185763, 1.0174617180871475]
0 10000 130000 0.0071581364648584085 4.808102494000025 [0.990594024338888, 0.9812725944096206, 0.962799099792181, 0.9270833549499722, 0.8590805521921665]
0 10000 130000 0.004902118087885932 6.339338159000022 [0.9921617318159758, 0.9845305596569071, 0.9693862639830323, 0.939540504258736, 0.8825602222535169]
0 10000 130000 0.006016499250423543 4.961268124999947 [0.9912188319754026, 0.9825715942356268, 0.9660267417037285, 0.9333673923350131, 0.8709496792150375]
0 10000 130000 0.00227397250707061 5.283801519999997 [0.9947379367697954, 0.9895245265343717, 0.9791746556387434, 0.9587384021441263, 0.919153798959155]
0 10000 130000 0.005542008497069879 6.284474140000043 [0.9917721983107686, 0.9836040903626269, 0.9674078412681184, 0.9356695483734391, 0.875472052912177]
0 10000 130000 0.010010099485496023 5.055762831999914 [0.9888779288628412, 0.9778242590929347, 0.9559425713678121, 0.9136995903097319, 0.8348460845418643]
0 10000 130000 0.0040132563074632525 5.577512865000017 [0.9930201117309027, 0.9860522583864152, 0.9722815490761978, 0.9452285153619857, 0.8933830575291665]
0 10000 130000 0.0072310909697433 6.325655872000084 [0.990517656904692, 0.9811522271837039, 0.9625406135252822, 0.9266653778008139, 0.858707476074324]
0 10000 130000 0.006179265854167743 6.683787600000073 [0.991203952366861, 0.9825332051264967, 0.9655145473312594, 0.9322240717409741, 0.8686996045942461]
0 10000 130000 0.005859796254320106 5.1760276349999685 [0.99158179995967, 0.9830354170435505, 0.9663359928925924, 0.9339947992593404, 0.8721572072371163]
0 10000 130000 0.00486590284336086 4.737549494999939 [0.9923146038217137, 0.9846485477231708, 0.9694490676500886, 0.9397098549854846, 0.8829790157778319]
0 10000 130000 0.003600527300900022 6.163363532999938 [0.9933559481370893, 0.9867687001136562, 0.9737601026212644, 0.9482915805014434, 0.8988315455608538]
0 10000 130000 0.0032666729661653716 4.8970144359999495 [0.9937105000974076, 0.987458208492307, 0.9750131522914663, 0.950560232015586, 0.9035623084413109]
0 10000 130000 0.0073312196621057625 4.932726513000034 [0.9903854904933884, 0.9810126152763117, 0.962286501958845, 0.9261826575002519, 0.8578624076303603]
0 10000 130000 0.005412839925837146 6.191629244000069 [1.007754342171771, 1.0155734371193614, 1.0314653387739046, 1.0640878240628697, 1.1325909747616054]
0 10000 130000 0.006566923073344119 4.783157550000055 [0.9909470732430261, 0.9820814100047871, 0.9644679564897987, 0.9300262238781236, 0.8648520264145153]
0 10000 130000 0.002446239752797689 5.08411758200009 [0.9944524081052402, 0.9891009952947094, 0.9784323725748778, 0.9572725424548455, 0.9164959113838123]
0 10000 130000 0.004267828432458185 6.107332799000005 [0.9928153754100335, 0.9856535801992281, 0.9713559949286854, 0.9435438232494902, 0.8902974651323181]
0 10000 130000 0.009782261812721803 5.059015445999989 [0.9888909732033726, 0.9780140228394799, 0.9564532657961813, 0.9146982346713628, 0.8366347338930388]
0 10000 130000 0.005837649207951777 5.695447952999984 [0.99160796715846, 0.9832106424605391, 0.9665650537662452, 0.9340705032715153, 0.8720989273179853]
0 10000 130000 0.00456537882985499 6.114788349000037 [0.9925778061852887, 0.9851120477234232, 0.9703947443899571, 0.9416867983224982, 0.8864505868557322]
0 10000 130000 0.04123143029974498 5.084344050000027 [1.020683922980917, 1.0417096398489434, 1.0851688706401863, 1.1780612068693603, 1.3887313527001255]

