7 210 2730 7.748700822128217e-05 0.12487083699988943 [-0.005134419955301731, 0.002943319888880745, -0.005341708971874543, 0.00356970823423349, -0.00022702888793808352]
118 2382 30966 7.673864260970676e-05 1.2340675890000057 [0.004839559461819945, 0.0033627716305677027, 0.0008052328143294184, -0.0029435432360992823, -0.002498605350538143]
5 219 2847 9.156337002103488e-05 0.10378018199980943 [0.0007943166384594623, 0.003930055055891909, 0.0012777861703367494, -0.005049103671486881, 0.003856461232934045]
46 1273 16549 6.24522291919191e-05 0.63499659099989 [-0.006706132500422585, 2.7379672637457787e-05, -0.001168943291522652, 0.0016643727137869947, 0.0019385138581550112]
92 1991 25883 7.17913371133627e-05 0.9649594210000032 [0.0039018495497449186, -0.004716261144120187, 0.0008032672220118233, 0.004910439368370535, -0.002702487500172319]
23 517 6721 6.432061847948846e-05 0.2593774380002287 [0.00041829476422586764, 0.002800337050645126, -0.005016239316904583, -0.0009511369651438101, 0.004053210061420212]
26 453 5889 9.343595207270955e-05 0.2422252279998247 [0.007020271979819739, -0.0028950153902247222, 0.0018663462656200763, 0.0038697659695449286, -0.003990829542944711]
17 445 5785 5.1923301715029795e-05 0.23115451099965867 [-0.0017865141610743243, -0.0060639475729689155, -0.00021305777215984494, 0.0019755768192033225, 0.00020090225968167328]
39 866 11258 9.172519383350669e-05 0.4510425399998894 [-0.0007916916416141686, -0.005200175116150493, -0.0011485982895361865, -0.004520916026445452, 0.006502917331464011]
11 340 4420 8.859013179111145e-05 0.1602576370000861 [0.0038506555242349394, 0.00013653648136112417, -0.007941535380918508, 0.000945250135941733, 0.0031241094755482335]
77 1772 23036 7.232393722295235e-05 0.9255226649997894 [0.003939017276725254, 0.002556380815776988, 0.002753805363310282, -0.006067244937623827, 0.001961277008010765]
49 1003 13039 7.967905387689082e-05 0.5028439810002965 [-0.00010523112407125751, 0.0010663383464388824, -0.005172738454607494, 0.0059672750381803774, -0.0030998626731521214]
95 1665 21645 8.816998458847624e-05 0.8209870990003765 [0.008326233748363278, -0.00011054658665643133, 0.0028800725943491034, -0.001457827637721254, -0.0026522271351023113]
53 1109 14417 7.609557934418918e-05 0.5508497660002831 [-0.005500861568976202, 0.001633237867608521, 0.0026447430996997252, -0.0018089897267863258, -0.0018627800404852728]
50 1096 14248 9.112036033358032e-05 0.5428055719999065 [0.0007704360227487462, 0.007995216594121134, -0.00331566468159374, -0.003403281534022656, 0.0017516077237028983]
79 1651 21463 9.461980599017657e-05 0.8098967390001235 [0.0015271963635342597, -0.0016876851821273169, 0.0010043186926651712, -0.007646918878491666, 0.004953610934736556]
31 657 8541 7.362066717891714e-05 0.33573452100017676 [-0.004652814267995338, 0.006770568996244132, 0.0003490766265288295, -0.002390728012764828, -0.00026395823832197544]
31 851 11063 6.735176387649094e-05 0.42696277300001384 [-0.0015538717899323381, -0.004192769202554456, 0.005011840290615735, -0.0022436520510849866, -0.00084838821593488]
115 2783 36179 9.820947102869399e-05 1.3414920279997204 [-0.0014843099013138947, 0.003659946798944034, -0.004810817998876943, 0.006645324788097053, -0.003857679349926183]
20 463 6019 9.811160994175983e-05 0.2248372650001329 [-0.0009962475881845614, -0.003174440448938134, -0.006706305451669665, -0.00028015390043686656, 0.006308731283930328]
8 370 4810 8.373834877978503e-05 0.19462237199968513 [-0.0026751390257244764, -0.0026795323251103884, -0.006473171859654786, 0.004989294078110476, 0.0009886909751281106]
33 742 9646 9.002368003608081e-05 0.3720692320002854 [0.0040979179092678186, -0.0004072647994737041, -0.002681221183970557, 0.006735211837780127, -0.0031246808353451432]
95 2063 26819 9.829800151961221e-05 1.05333194800005 [0.0014823223347694384, -7.650620529465861e-05, -0.005574541638299202, -0.004359348311193634, 0.006765221947108043]
21 561 7293 7.435189961618346e-05 0.2824887199999466 [-0.001620051924354807, 0.00011552445281153717, 0.005205545640049589, -0.0019953281104718593, 0.001250930643548651]
16 320 4160 6.592920379117144e-05 0.16593898200017065 [-0.0005936379976357823, -0.0019263333335649395, -0.006674070248555381, 0.002126237001348729, 0.0034964664969224565]
12 330 4290 5.4889682678764284e-05 0.18120571200006452 [0.004325366298726527, -0.0024364074420071963, 0.0031485358789975944, -0.002903364459538745, -0.0007993509503977828]
48 914 11882 2.0472971728600705e-05 0.45664078599975255 [-0.0026904014020442315, 0.002487097481767137, 0.00040886819189252244, -0.002162407546328106, 0.00046341850523534504]
15 433 5629 9.353548444250464e-05 0.20330620400000043 [-0.00045335696241474016, -0.0014305688939473885, -0.001225688351010423, 0.008118250583536588, -0.0048459812319713675]
22 628 8164 8.246751823743783e-05 0.34283188700010214 [0.005889117198210519, 0.00334884325754441, 0.002319968959686813, 0.0018558460713977865, -0.005256005842354364]
32 662 8606 9.177757045582315e-05 0.3403191809998134 [0.00045836535483866406, -0.000400070661682371, -0.0018308984907830848, -0.004371704641033352, 0.006651979593706269]
41 724 9412 9.051567459674076e-05 0.36772487999996883 [0.0014908737442369104, -0.004990814871563308, -0.004742465195743903, 0.006348837232680753, -0.0006777834264860491]
45 1206 15678 8.673872250170536e-05 0.5878526410001541 [-0.0008717680504793418, -0.0007999903467566811, 0.006363955143585777, 0.0018573155942671032, -0.005866319543777785]
7 153 1989 9.689482093413808e-05 0.0737754000001587 [0.004262306084130984, 0.003100958581777059, 9.1569698543731e-05, -0.0008792692724796849, 0.0017840763111798736]
226 4999 64987 9.986542164930993e-05 2.3654272339999807 [-0.002692965420240166, -0.0019371470545201735, -0.00416103685158738, -0.0038955282895911636, 0.007410107976970474]
149 3311 43043 8.849929188570902e-05 1.5895360530003018 [0.0007472081416948966, 5.519983996373997e-05, 0.0006868586543619968, -0.007453012140269999, 0.0056179403262000705]
56 1419 18447 9.883498802083168e-05 0.7437358669999412 [-0.0026600342059278147, -0.006746516284553927, 0.005923203442912375, -0.0018888751802815403, 8.622577008221538e-05]
28 679 8827 8.351245227412903e-05 0.3468067560002055 [0.0033879291194646183, 0.002393258911841693, 0.002039461324968239, 0.00472711714432224, -0.005227439814635283]
285 6076 78988 9.961197751749157e-05 2.873343709999972 [0.0018050365288547943, -0.0012794510624990663, 0.00083792903410212, -0.007121829392473874, 0.006212533822032413]
15 424 5512 9.978929087251556e-05 0.197174288000042 [0.00014801167176725129, 0.0043587228779357005, 0.004084338981140285, 0.003419744401312446, -0.007210918230362614]
28 661 8593 9.811706190625827e-05 0.3447056220002196 [0.00018450326671444762, 0.0002623287666851152, -0.005545675528258887, -0.0033480266655325506, 0.00696365585388221]
99 1808 23504 9.168836881894889e-05 0.8866730939998888 [0.005296343118746605, 0.006531903687010014, 0.0022452663445439417, -0.0015774636835773678, -0.0028200923928847054]
16 375 4875 9.192008137303475e-05 0.1793284320001476 [-0.0013454185568782821, 0.004478214988128107, 0.0029862816763058376, -0.006562317922997438, 0.003099698911828528]
34 1082 14066 8.751449564636385e-05 0.530622411999957 [0.002667355212134423, 0.0030697820492420575, -0.001957946869655202, 0.006112913178944177, -0.005456395037045178]
31 666 8658 9.045809187016414e-05 0.3415227059999779 [-0.0005674588035793576, 0.0069833376825290516, 0.0006030466402262942, 0.002870110520928818, -0.003537647975698433]
88 1709 22217 9.943663222917532e-05 0.82555392400036 [-0.0018239278408015377, -0.0036012546871963466, 0.006129234946035482, 0.004395491256163254, -0.004235067463186677]
83 1698 22074 6.527751052229473e-05 0.8746712359998128 [0.006446236817665742, -0.0022715785983497797, 0.0011832615205279893, 0.002619846286425586, -0.0022850455705447524]
44 908 11804 9.93099099580754e-05 0.47121923499980767 [-0.000987168994774715, 0.004719394782741937, -0.0058304803095865, -0.0029758133278990828, 0.005190405561097541]
41 976 12688 5.565790853263436e-05 0.48412909900025625 [0.00246921220606372, -0.0020496448983769386, 0.005984265343898433, -0.002592349502451236, -0.0005557779878341065]
29 586 7618 9.54497230333063e-05 0.29994691899992176 [-0.006306246112031381, 0.0055264476021588595, 0.0018801554217779959, 0.0023370140162172533, -0.00401428390714218]
19 511 6643 9.879311244500174e-05 0.2652086739999504 [0.005216093884120737, 0.007764576144308129, 9.073453906183605e-05, -0.0008943138683055163, -0.0029985169961377085]

