228 130000
235 130000
248 130000
282 130000
244 130000
242 130000
249 130000
263 130000
248 130000
272 130000
249 130000
239 130000
254 130000
267 130000
270 130000
262 130000
239 130000
264 130000
271 130000
253 130000
241 130000
254 130000
235 130000
240 130000
232 130000
255 130000
242 130000
256 130000
257 130000
261 130000
237 130000
248 130000
237 130000
235 130000
249 130000
236 130000
265 130000
243 130000
265 130000
222 130000
272 130000
253 130000
238 130000
263 130000
263 130000
264 130000
248 130000
246 130000
238 130000
267 130000

