93 58812
224 130000
235 130000
174 99775
261 130000
127 55809
237 130000
89 50687
5 4732
126 74646
8 6240
15 10959
132 74061
162 90857
102 59007
263 130000
46 27170
103 71214
256 130000
58 30277
188 115206
35 22464
45 27105
249 130000
132 69121
248 130000
99 60359
217 113373
247 130000
62 36868
260 130000
253 130000
258 130000
246 130000
248 130000
183 101244
158 80353
230 130000
124 75699
245 130000
252 130000
121 70668
45 20436
22 15990
285 130000
210 111553
245 130000
230 130000
149 75413
56 38844

