265 130000
229 130000
280 130000
231 130000
239 130000
235 130000
258 130000
232 130000
210 130000
236 130000
241 130000
250 130000
256 130000
229 130000
248 130000
249 130000
241 130000
259 130000
253 130000
261 130000
220 130000
240 130000
261 130000
226 130000
232 130000
236 130000
249 130000
276 130000
236 130000
266 130000
243 130000
240 130000
276 130000
248 130000
251 130000
245 130000
251 130000
240 130000
259 130000
262 130000
259 130000
254 130000
227 130000
239 130000
254 130000
240 130000
240 130000
240 130000
243 130000
242 130000

