237 130000
264 130000
274 130000
247 130000
254 130000
252 130000
261 130000
254 130000
213 130000
242 130000
255 130000
234 130000
267 130000
265 130000
245 130000
229 130000
264 130000
253 130000
286 130000
259 130000
258 130000
248 130000
241 130000
271 130000
242 130000
272 130000
262 130000
236 130000
238 130000
239 130000
275 130000
272 130000
254 130000
258 130000
261 130000
277 130000
266 130000
248 130000
269 130000
272 130000
242 130000
250 130000
250 130000
242 130000
245 130000
260 130000
220 130000
268 130000
255 130000
229 130000

