206 130000
214 130000
204 130000
218 130000
183 130000
25 18954
197 130000
16 14716
210 130000
222 130000
211 130000
191 130000
205 130000
191 130000
206 130000
214 130000
212 130000
210 130000
214 130000
204 130000
220 130000
210 130000
213 130000
184 130000
201 130000
194 130000
225 130000
185 130000
208 130000
201 130000
214 130000
205 130000
207 130000
216 130000
215 130000
206 130000
218 130000
231 130000
210 130000
211 130000
227 130000
196 130000
209 130000
196 130000
188 130000
221 130000
197 130000
228 130000
211 130000
67 42120

