205 130000
195 130000
227 130000
221 130000
210 130000
211 130000
222 130000
211 130000
198 130000
204 130000
225 130000
238 130000
220 130000
217 130000
214 130000
224 130000
217 130000
208 130000
215 130000
207 130000
194 130000
225 130000
202 130000
198 130000
89 56706
226 130000
204 130000
190 130000
236 130000
4 4875
218 130000
212 130000
204 130000
203 130000
215 130000
195 130000
210 130000
195 130000
210 130000
212 130000
183 130000
239 130000
211 130000
202 130000
236 130000
213 130000
223 130000
190 130000
199 130000
234 130000

