230 130000
179 130000
254 130000
208 130000
214 130000
215 130000
198 130000
198 130000
223 130000
223 130000
201 130000
202 130000
217 130000
190 130000
192 130000
215 130000
219 130000
195 130000
210 130000
211 130000
205 130000
205 130000
215 130000
201 130000
201 130000
204 130000
232 130000
198 130000
200 130000
195 130000
240 130000
209 130000
194 130000
200 130000
218 130000
197 130000
227 130000
193 130000
188 130000
197 130000
205 130000
203 130000
190 130000
202 130000
205 130000
219 130000
163 130000
200 130000
198 130000
207 130000

