278 130000
261 130000
272 130000
257 130000
275 130000
269 130000
273 130000
243 130000
270 130000
261 130000
287 130000
55 34489
293 130000
251 130000
253 130000
270 130000
267 130000
243 130000
108 53144
292 130000
265 130000
262 130000
249 130000
268 130000
73 37908
267 130000
163 84864
276 130000
253 130000
270 130000
276 130000
24 15925
258 130000
259 130000
285 130000
259 124280
275 130000
244 130000
273 130000
272 130000
276 126230
293 130000
181 88777
267 130000
287 130000
273 130000
242 130000
289 130000
281 130000
64 34710

