263 130000
255 130000
267 130000
292 130000
260 130000
267 130000
270 130000
255 130000
84 36816
263 130000
287 130000
288 130000
258 130000
262 130000
276 130000
255 130000
266 130000
262 130000
274 130000
265 130000
288 130000
210 100945
275 130000
256 130000
270 130000
266 130000
281 130000
252 130000
241 130000
264 130000
266 130000
263 130000
276 130000
276 130000
239 130000
268 130000
256 130000
261 130000
258 130000
212 106860
268 130000
274 130000
280 130000
287 130000
258 130000
268 130000
274 130000
148 75257
259 130000
249 130000

