0 2665 8.28332326855917e-11
0 2223 9.27891638301655e-11
0 2366 1.5470525323969108e-11
0 1352 3.6461073112095576e-11
0 2236 9.041423643850721e-11
0 2691 9.408071599214558e-11
0 2262 6.501361430106556e-11
0 2002 9.26839226057227e-11
0 2392 9.818432025541086e-11
0 2236 6.00406255424563e-11
0 2197 9.982358216662782e-11
0 2522 8.28028994670691e-11
0 1664 3.230284639324619e-11
0 1755 3.140700261811198e-11
0 2574 5.513496786016596e-11
0 2210 9.308434810046044e-11
0 2639 7.451634121247708e-11
0 2080 4.892467550684726e-11
0 2002 8.445391352910873e-11
0 2535 6.07755496497001e-12
0 2184 9.720135669758116e-11
0 2743 9.952305059468426e-11
0 1950 9.19106819629926e-11
0 2756 4.8986609654825115e-11
0 2704 9.766674590415242e-11
0 2613 8.299271531926523e-11
0 1534 6.367637216895696e-11
0 2405 8.253584046722418e-11
0 1898 6.085292025226613e-11
0 2015 3.9824625847644485e-11
0 2483 9.851970440434092e-11
0 2522 3.6346945305198895e-11
0 2652 9.687809128119029e-11
0 1716 8.556525929118306e-11
0 2483 7.177588847688774e-11
0 2496 6.930102713636288e-11
0 2717 7.374836513351621e-11
0 1950 5.825363895475774e-11
0 2886 7.379774284218458e-11
0 3146 9.850051928760893e-11
0 2067 9.110787401480973e-11
0 2093 7.837278233615244e-11
0 2314 5.737603435830212e-11
0 2548 3.183517625142978e-11
0 2574 4.079678707028395e-11
0 1781 3.822898077330074e-11
0 2353 9.512206071351296e-11
0 7306 9.485275395587546e-11
0 2119 9.449678437594724e-11
0 2158 6.071753896037347e-11
