0 2314 9.866478733904161e-11
0 2535 9.544648215313029e-11
0 3705 7.875456586375208e-11
0 2600 9.243158709866837e-11
0 2249 6.098091850399134e-11
0 2210 9.585326599973353e-11
0 2288 2.180158749894481e-11
0 2418 9.80626852618691e-11
0 2054 6.506611498820146e-11
0 3211 9.999333746130032e-11
0 2652 8.172622557429027e-11
0 2067 3.4006899821858604e-11
0 1898 7.351411972186173e-11
0 1963 9.891919696793326e-11
0 2418 9.590499752672054e-11
0 2808 8.778093126142701e-11
0 2821 9.295089080149735e-11
0 2990 9.771242075218391e-11
0 2080 3.6063033283176574e-11
0 2327 9.732134909897395e-11
0 1950 8.023856894323998e-11
0 2314 6.919463307780155e-11
0 1781 3.34091664365028e-11
0 2015 7.441054336854546e-11
0 1989 9.275231605321037e-11
0 2613 9.927542983257703e-11
0 2418 6.557397593099442e-11
0 2730 5.857607520062344e-11
0 2067 8.87849032495255e-11
0 2340 8.92954028110034e-11
0 2639 8.532290135897573e-11
0 2444 2.3794248731489134e-11
0 2340 8.502239453765182e-11
0 2522 8.860646747352962e-11
0 2730 9.01342498451903e-11
0 2210 4.813374051750558e-11
0 2886 6.60523486257702e-11
0 2912 8.239877110965246e-11
0 2158 8.948976075376315e-11
0 2210 7.91613643358605e-11
0 2067 1.4346525403754112e-11
0 2145 7.28476892304469e-11
0 2483 1.9583599851089986e-11
0 1911 7.965442934824904e-11
0 2548 9.668135759930468e-11
0 2405 9.981197467430349e-11
0 2288 7.233541883242431e-11
0 2821 7.6511682087392e-11
0 130000 17.1194486254209
0 2964 6.305436672128144e-11
