245 130000 16.61637509257909
223 105287 3.8943879363027224e-11
258 130000 0.046001607267477276
117 59514 7.430036837638687e-11
277 130000 7.1484603278418275
275 130000 57.741828091728216
261 130000 0.14925978376135615
264 130000 1.3141857278484627e-08
265 130000 10.660036423767412
271 130000 0.09074205845819572
252 130000 9.733328565397873
267 130000 0.040694203695797036
183 89245 8.207108099448928e-11
298 130000 0.13578112588994623
276 130000 37.05604347899943
254 130000 2.374731925956679e-05
263 130000 5.887856634476652
287 130000 0.08260284970396284
257 130000 0.11251138371617961
277 130000 0.0530356648365213
273 130000 4.737412106701022
276 130000 0.016428020704021665
7 5460 7.86453964008253e-11
265 130000 0.20594432078645178
272 130000 4.015551809457685
181 91572 6.694617388279249e-11
283 130000 3.9745106484731862
292 130000 0.008162790159780216
250 130000 11.834107961228119
285 130000 0.043656352581526295
266 130000 42.490236362005646
289 130000 0.1581581656799883
262 130000 0.012012133903897266
275 130000 0.09335277120303148
258 130000 1.7864793968092112
272 130000 0.03200350141479535
251 130000 2.7326829569844485e-05
292 130000 1.4108831952494905
236 130000 0.04088267307807138
265 130000 0.02159214269893032
265 130000 0.8100649593741738
264 130000 29.872016536398327
255 130000 0.04125568745959578
26 20800 9.743248408753075e-11
284 130000 0.0020555912048683613
279 130000 42.94457256891239
287 130000 0.22553027458416117
278 130000 0.0004050951168344016
271 130000 0.23260546877016036
279 130000 9.813869756753467

