0 28 364 8.442808920378184e-05 0.05980928100007077 [-0.008480797843664342, 0.0012082317368102037, -0.0033233015524993664]
0 26 338 7.892175685876e-05 0.06046382700014874 [-0.0009212468425177788, 0.005554871815790157, -0.0068714234496246255]
0 29 377 4.58230701352299e-05 0.062009199999920384 [0.0063508482078403344, -0.001796879661577662, -0.0015036690653231037]
0 16 208 9.006839427450565e-05 0.0299405470000238 [0.003712526015603103, 0.008192401894630628, 0.003028216645953239]
0 20 260 9.739153287630645e-05 0.03816675400003078 [-0.004557978585452885, 0.0044397410297629565, -0.007543544503713008]
0 24 312 6.107862840212645e-05 0.04754994599989004 [-0.00591084052524396, -0.0016069723988853188, -0.004853682354303886]
0 30 390 7.581127083640255e-05 0.06407864299990251 [-0.004113530482092578, -0.005045254196313479, -0.005782347957696681]
0 25 325 1.890878785290522e-05 0.052856489000078 [0.0028553719595147964, -0.002081793225334318, 0.0025341222923675154]
0 24 312 9.971099052280163e-05 0.04740748699987307 [0.000841289544858107, 0.001466267584382681, -0.009841406494780238]
0 22 286 7.800145976374871e-05 0.04226150600015899 [0.005158609558800531, -0.00019200853245415067, -0.007166124469130111]
0 20 260 8.13799373871465e-05 0.03779401899964796 [-0.008610700793198922, 0.002388258922536111, -0.0012377352528213023]
0 20 260 4.684067400433636e-05 0.0380183610000131 [0.0015567431336024665, -0.001037485971474028, 0.006583376616851912]
0 31 403 7.912731357913347e-05 0.05827699999963443 [0.0018110931944893762, -0.00867466353479744, -0.0007729602693950914]
0 31 403 1.9039978491483875e-05 0.046768175000124756 [-0.0013580836863452336, 0.003056105770548028, 0.0028028208490001386]
0 30 390 7.857912512883354e-05 0.03790450199994666 [-0.003232686900324833, -0.0015585257213439493, -0.008105544898969537]
0 19 247 3.605431421168706e-05 0.02775585100016542 [-0.002363523347896495, -0.0050690062965482174, 0.0021847761352572787]
0 33 429 2.876555803914109e-05 0.051638403000197286 [0.0019340975896642628, 0.0015085344787701869, -0.00476960672164462]
0 26 338 3.843162387079942e-05 0.047342114000002766 [0.0006251115943174818, 0.005875958074329713, 0.0018745602348734288]
0 37 481 2.2157700532382443e-05 0.06476105599995208 [7.964385848374667e-05, -0.00452578807045865, 0.0012917429037863654]
0 26 338 6.236490788409714e-05 0.040032478000284755 [0.0017612849944695134, 0.0053962798065946005, -0.005490259310933592]
0 21 273 7.229597746237195e-05 0.03384297799993874 [-0.00836968287364713, -0.001110716242747608, -0.0010053335193091384]
0 19 247 4.869753204587868e-05 0.028260489999865968 [0.001914626806087492, -0.0053835319093318715, 0.004006160308886231]
0 43 559 4.68076524444605e-05 0.05595517599977029 [-0.006719194998289539, 0.0008912942826978347, 0.0009304114794280519]
0 25 325 4.858018551928729e-05 0.02994462900005601 [0.005294541265049656, 0.004506650078242076, -0.0004879788768526387]
0 30 390 9.683314987644338e-05 0.03755708800008506 [-0.00966348082771382, -0.001439943052670192, 0.0011733934437850196]
0 20 260 3.1691575195419315e-05 0.02669824399981735 [-0.0006945929984519955, 0.004193588753348148, 0.003690925240331035]
0 26 338 9.441998268691919e-05 0.042619851999916136 [0.004469235411067515, 0.0009312170697863068, -0.008577805797307256]
0 26 338 7.410577749924517e-05 0.038919014999919455 [-0.0050553162195518045, 0.004586023080299495, 0.005245755210314522]
0 18 234 6.043346219384581e-05 0.025103853000018717 [0.000727816380270134, -0.0018459179492222935, -0.007516404222445414]
0 22 286 7.072927870407327e-05 0.026209662999917782 [-0.0003932992899161698, -0.004306994900903943, -0.0072127934461075575]
0 24 312 2.522975398214613e-05 0.029567388000032224 [-0.003374524374805274, 0.003526811903478172, -0.0011848784846877243]
0 27 351 3.6332283702630084e-05 0.03396748800014393 [0.00438054870476633, -0.003689170955240687, -0.001879652736759805]
0 21 273 4.4564836173353915e-05 0.028506888000265462 [0.003706415950323993, -0.002020124066452269, -0.005171693700585733]
0 26 338 7.542868412945554e-05 0.03856726899994101 [0.0078007678032154795, 0.003706533265421611, -0.0009155965061615791]
0 27 351 9.501968527728216e-05 0.03497920100016927 [-0.0015690601554963282, 0.008758925911022777, 0.00397981813540893]
0 39 507 7.971855369699372e-05 0.048987393000061275 [0.0002978841413496351, 0.0003241367967924541, -0.008917665281467523]
0 24 312 7.877280915961549e-05 0.031505803000072774 [-0.00017028292372253846, 0.0017626885363382114, -0.008696938657330282]
0 32 416 1.3576101322366831e-05 0.03971059900004548 [-0.00014961328745561052, -0.0010957852472558254, -0.003514679484459436]
0 23 299 7.660657773602607e-05 0.037430591999964236 [-0.008419032482431744, 0.001960614646295194, -0.0013720276981599288]
0 33 429 4.888410854855112e-05 0.045693993999975646 [-0.0033756305483227667, -0.005929751413232851, 0.001525540929324499]
0 36 468 9.559457808398219e-05 0.04439147299990509 [-0.005263464396630831, 0.0074766837615969145, -0.0034626175876719123]
0 16 208 5.0073478815144014e-05 0.020042784999986907 [0.0007489316378822587, 0.0002526150408694297, -0.00703198164517297]
0 20 260 5.173297025509277e-05 0.03568174400015778 [-0.004285277542530556, 0.005775665486037075, -0.00010514196106300305]
0 34 442 3.912482560856962e-06 0.044048449999991135 [-0.00034658986882119946, 0.0019469164475057, -4.329399634188727e-05]
0 35 455 1.0761680327295693e-05 0.0442233710000437 [0.003087094424596735, -0.0010629061785426444, -0.00031899654627491066]
0 29 377 9.684226023893089e-05 0.04138623299968458 [0.0040570152475979705, -0.006839682301232813, 0.005796691602793018]
0 15 195 2.4726012874498725e-05 0.022330929999952787 [0.0009178272655221455, -0.0028683167789489428, 0.003956812459640061]
0 26 338 9.429218209937857e-05 0.03209021999964534 [0.007655416475743859, -0.0017644587547176807, -0.00570731688144159]
0 30 390 7.598173763387575e-05 0.033740995000243856 [0.008382689192651248, 0.0023098499667381037, -0.0006138832661375469]
0 23 299 5.856841455814361e-05 0.025311171000339527 [-0.006349248667997187, 0.004264605545972447, -0.00026190732586279034]

