0 512 6656 -10.402435053075084 0.6434192629999416 [3.999606667757473, 4.001391590858435, 3.999748712890295, 3.999688867474882]
0 1410 18330 -10.40200874989927 1.5961384479999197 [4.0016011581282225, 4.001279453172037, 3.9984750779888025, 4.000506353968586]
0 65 845 -10.402532879460402 0.08647675299994262 [3.999809635246115, 4.000061379952042, 3.9989614043613804, 3.9989438549408285]
0 1218 15834 -10.40210366247765 1.4515958780000346 [4.000655649215917, 4.000943964493351, 4.002532569213818, 4.001180138502964]
0 1615 20995 -10.402190698619819 1.8989634869999463 [4.00229490160654, 3.999358540984453, 3.9988752322922534, 3.998450676048008]
0 1737 22581 -10.401852100168188 2.7844068950000747 [3.997549747850653, 3.9987471513400115, 4.000385503287332, 4.000454845561125]
0 45 585 -10.401833900171363 0.0925005770000098 [4.0028870577380165, 3.9996439561795847, 4.001064477631051, 3.997320399094001]
0 9798 127374 -10.401773607624111 12.322824874000162 [4.003602721200441, 3.9992024589408572, 4.001854010831139, 3.9989398384521158]
0 4989 64857 -10.401787639598897 5.706373388999964 [4.001319880162659, 4.000025747317223, 4.000689547492432, 3.9963608904427304]
0 8808 114504 -10.401950686722946 11.399433964000082 [3.9997570390401433, 4.000301631125932, 3.9976821561064364, 3.9999909551839115]
0 38 494 -10.402739430298626 0.05190962799997578 [4.000318068819176, 4.000716322963961, 3.9999452841351166, 3.9998701694051273]
0 7213 93769 -10.401920096664567 8.006945735999807 [4.001525861610949, 4.000126875986727, 3.99761534883882, 3.999763564605763]
0 43 559 -10.401797184276917 0.051037541999903624 [4.001327271676376, 4.002520328871051, 3.999143220973247, 3.9998869954217304]
0 44 572 -10.401815929626876 0.05177684200020849 [4.001518445301869, 3.999385732811836, 4.002160272235901, 4.002349823944561]
0 68 884 -10.40248398717702 0.08239560299989535 [3.9988721869782258, 3.998667669797692, 4.000683137520995, 4.000332109702431]
0 8404 109252 -10.402248817259418 11.771749279999995 [4.0001388248082295, 4.001514885473769, 3.9991086397204283, 3.9987750824911905]
0 3001 39013 -10.402244760420679 3.7686484619998737 [4.000552839637421, 4.000412510637322, 4.001427614459745, 3.997298772418248]
0 5127 66651 -10.402046289382824 6.066288561999954 [4.00214951597498, 4.000383163852166, 3.9983479384191383, 3.9988022067698203]
0 55 715 -10.401896610059287 0.07159218600008899 [3.9998557533845505, 4.0023044670439045, 4.002055190695162, 4.000046290482407]
0 8762 113906 -10.402592184727286 11.253895994999993 [3.9990572088153935, 4.000427954083776, 4.000825289764275, 4.000049916928331]
0 35 455 -10.401958626929543 0.04318723799997315 [4.003169462160268, 3.9985077105706397, 4.000949586829388, 3.9983867701599785]
0 51 663 -10.401790156087975 0.05884300999991865 [3.9990965836327943, 3.999916595878763, 4.001503255522565, 4.002454402571034]
0 3012 39156 -10.401782253610067 4.427002154999855 [4.000105512041269, 3.9988655404175018, 4.000771613294688, 4.002850101974153]
0 2848 37024 -10.402065018380396 3.468199596999966 [4.001675585644394, 4.001181310826528, 3.9993373440113307, 3.997796398240638]
0 2175 28275 -10.401774212224444 2.5035835300000144 [4.000756281033599, 3.9987552709180276, 3.9973318196714036, 3.9992241966144566]
0 40 520 -10.401829996442022 0.04891166400011571 [4.003300446245918, 4.001256735331862, 4.001112205323588, 4.000235034078239]
0 4455 57915 -10.40191584483473 4.9147000670000125 [4.002405732566698, 4.001676984189963, 4.001522881988545, 3.998405095670799]
0 3791 49283 -10.401867290916874 4.224989669000024 [3.9984716704238945, 3.997484800244046, 4.000374555191992, 4.000839865300369]
0 63 819 -10.401836672417742 0.07636940000020331 [4.002825931457663, 4.000890589075988, 4.0021054538209935, 4.0009136809345405]
0 30 390 -10.401838684206371 0.038811975000044185 [3.999825430536086, 4.002721897921928, 4.000516612100673, 4.000315661569974]
0 5856 76128 -10.402647919175921 6.453410151999833 [4.001335051193962, 3.998519372927965, 3.9996735339731955, 3.999925607668731]
0 4799 62387 -10.401949675209202 5.766204112000196 [4.0001100215797445, 3.9996517634762885, 3.997664453673227, 3.9986161215414886]

0 10000 130000 -5.128822703802937 11.265407673000027 [7.999514419391731, 7.999605866123861, 7.999514414951419, 7.999605862738615]
0 10000 130000 -5.128822703802937 12.852536730999873 [7.999514414959822, 7.999605863835435, 7.999514418376492, 7.999605868460409]
0 10000 130000 -5.128822703802936 12.219093230999988 [7.99951441441919, 7.999605870150149, 7.999514417528685, 7.999605866857398]
0 10000 130000 -2.749562109983577 11.908241480000015 [3.0005641122125617, 7.000792140215381, 3.0005641080987275, 7.000792143311692]
0 10000 130000 -2.75191435339086 12.340900534999946 [5.998107898589462, 5.999306404914459, 5.998107905888445, 5.999306405916253]
0 10000 130000 -2.7519143533908603 12.786646547999908 [5.9981079002970406, 5.999306406172351, 5.998107902748325, 5.9993064086450945]
0 10000 130000 -5.087671723628906 12.545748815000024 [1.0002324787358436, 1.0002243814467122, 1.0002324784078669, 1.0002243812776987]
0 10000 130000 -5.128822703802936 11.272111278000011 [7.999514411910353, 7.999605869277807, 7.99951441469739, 7.999605869339944]
0 10000 130000 -2.7495621099835765 12.65983170100003 [3.000564108786433, 7.000792138924529, 3.000564118489789, 7.0007921377730185]
0 10000 130000 -5.128822703802936 12.929864038000005 [7.999514409711912, 7.999605866676518, 7.9995144166964955, 7.999605862003276]
0 10000 130000 -3.7031428058467784 11.783008563000067 [4.994455050666219, 3.0063749940360114, 4.994455045631401, 3.0063749935455224]
0 10000 130000 -5.128822703802937 12.341142999999875 [7.999514412138207, 7.9996058641563215, 7.999514414972378, 7.9996058648598956]
0 10000 130000 -5.128822703802937 12.957799501000181 [7.999514415733069, 7.999605865868756, 7.999514417606756, 7.999605867975196]
0 10000 130000 -2.75191435339086 12.298018188000015 [5.998107904796934, 5.999306411054994, 5.998107897056819, 5.999306411889134]
0 10000 130000 -5.128822703802937 11.212062713999785 [7.99951441526118, 7.999605866964756, 7.999514415799665, 7.999605867163083]
0 10000 130000 -5.0876717236289055 11.232202621999932 [1.0002324800079787, 1.000224378075237, 1.0002324788718275, 1.0002243851081856]
0 10000 130000 -5.128822703802937 10.99318027399977 [7.9995144154921505, 7.999605864980934, 7.999514418183976, 7.999605866948213]
0 10000 130000 -2.7495621099835765 11.296589142999892 [3.0005641071853897, 7.000792136869725, 3.000564107197509, 7.000792139038172]
