0 38 494 -10.152417849287946 0.06708833099992262 [4.001761043317584, 4.001778835993028, 4.001244419504453, 4.000959588846091]
0 7670 99710 -10.152153399419507 9.282521002999829 [3.9984547521000104, 4.002946107348138, 4.000243973708862, 4.000204638285655]
0 45 585 -10.152699212536614 0.05356636900000922 [4.001704228018072, 4.001603951457709, 4.000039011265795, 3.9998823048028505]
0 1532 19916 -10.152315343187102 2.076706845999979 [4.001381965909951, 3.998091585880086, 3.9984799752316036, 3.999468252982181]
0 41 533 -10.152343945845121 0.05160614400006125 [4.000803821234441, 4.000008370871972, 3.9973784960701724, 4.001074434914002]
0 8972 116636 -10.152182924819469 9.757722380999894 [3.9983374363034114, 4.002010526187607, 4.001956385796897, 3.999865603636141]
0 7043 91559 -10.15267635069517 7.718949853999902 [3.9989508557812896, 4.001599408357241, 4.001383591054974, 4.000435059271203]
0 42 546 -10.152109104307563 0.049203772000055324 [4.0021807809428385, 4.002550071671766, 3.9993924611351486, 4.000369242462606]
0 61 793 -10.152364689489803 0.07041004000006978 [3.998049404046533, 4.000732462608604, 4.000940780289263, 3.9983378663626783]
0 56 728 -10.152439647596596 0.06489655399991534 [3.9980960836275474, 3.998637711645706, 4.000804427334647, 3.9991293411202156]
0 5570 72410 -10.152237232509608 6.337943394000149 [4.001004191725416, 3.998053570861308, 3.99818800064413, 4.00110546623324]
0 56 728 -10.152297369547913 0.06496697000011409 [4.001532319885137, 4.002724195507539, 4.00010612666813, 3.999866619655566]
0 55 715 -10.152512051238201 0.061786360000041896 [4.001299520581969, 4.00131425504523, 3.998872288189565, 4.001724465342225]
0 51 663 -10.152908621564993 0.05896675100007087 [3.9997784307212387, 3.9985704496509142, 4.000192214243145, 4.000747375515067]
0 1229 15977 -10.15236405906079 1.3271672799999124 [3.998501504479613, 3.999049479464051, 3.9978945643264883, 4.000616582840498]
0 2286 29718 -10.152408491007597 2.4878808030000528 [3.9976940603536444, 4.000841316859716, 3.998661162204407, 3.9999666140823504]
0 6566 85358 -10.15256531344416 7.179327076000163 [4.000829689206125, 4.000207738129929, 4.001317968576726, 3.998115923372715]
0 48 624 -10.152231143581394 0.0573340390001249 [4.000765207057421, 4.000450850171529, 4.001903604335353, 4.002493925471418]
0 67 871 -10.152394355875854 0.07554126199988787 [4.000148827878569, 3.999537433737575, 3.9975878195979737, 4.0014320446156475]
0 59 767 -10.152157830396835 0.0668527840000479 [4.002301925448314, 4.001931076771701, 4.000777545952867, 4.001362690787251]
0 60 780 -10.152113779971094 0.06995931500000552 [4.001396381501775, 3.999635527407392, 4.002048213452976, 4.002306092781284]
0 3061 39793 -10.152426200858011 3.45400182100002 [3.9989361611839485, 4.000420731332442, 3.99759137304708, 3.9994558758114764]
0 3089 40157 -10.152779855205022 3.3900348019999456 [4.000589485412005, 4.001369508782206, 3.999963623427806, 3.9985972500260227]
0 43 559 -10.152114510094993 0.04948944600005234 [3.99997467313288, 4.001606903284367, 3.9979417559646904, 4.002203776803889]

0 10000 130000 -2.68286039569314 12.332495160000008 [5.998749538471515, 6.000287367263491, 5.998749536531712, 6.000287364444369]
0 10000 130000 -5.100772140331989 12.11018123100007 [7.999583304547825, 7.999641589005498, 7.999583306582015, 7.999641589040489]
0 10000 130000 -2.68286039569314 10.959551779999856 [5.9987495389001255, 6.000287363708731, 5.998749536927427, 6.000287365752073]
0 10000 130000 -2.68286039569314 10.853842319000023 [5.998749538154666, 6.00028736954473, 5.998749534311849, 6.000287368747614]
0 10000 130000 -5.100772140331988 11.179335861000027 [7.999583306820348, 7.999641591757063, 7.999583305771624, 7.99964158575228]
0 10000 130000 -5.100772140331989 10.993091700999912 [7.9995833048613925, 7.99964158896096, 7.9995833056224654, 7.999641588154363]
0 10000 130000 -5.055197728932868 10.921128240000144 [1.0001315880094663, 1.0001563421258335, 1.0001315902681926, 1.0001563392451398]
0 10000 130000 -2.68286039569314 11.019264829000122 [5.998749539400121, 6.000287364629433, 5.998749537983777, 6.000287366201396]
0 10000 130000 -5.055197728932868 10.899117000999922 [1.0001315902285808, 1.0001563416745038, 1.0001315880858013, 1.0001563388418335]
0 10000 130000 -5.100772140331988 10.953330841000025 [7.999583307037735, 7.999641592165943, 7.999583308744795, 7.999641585442447]
0 10000 130000 -5.100772140331988 11.131328880999945 [7.999583303272133, 7.999641591190986, 7.999583303902948, 7.999641583083685]
0 10000 130000 -5.100772140331989 10.786880895999957 [7.999583307382522, 7.999641589979933, 7.999583307590458, 7.999641589471637]
0 10000 130000 -2.630471668410894 10.768174001999796 [3.0017963957994245, 6.998333939592308, 3.0017963955889546, 6.9983339383145164]
0 10000 130000 -2.68286039569314 10.88423207400001 [5.99874953566268, 6.000287368001094, 5.998749534402515, 6.000287364960891]
0 10000 130000 -2.68286039569314 10.941318669000111 [5.998749532872507, 6.000287367442203, 5.998749536949686, 6.000287365579369]
0 10000 130000 -2.6304716684108937 10.825324308000063 [3.0017963981674463, 6.998333940243891, 3.00179639184854, 6.998333935687259]
0 10000 130000 -2.630471668410894 12.021809753999833 [3.0017963920006348, 6.9983339406232075, 3.0017963935493994, 6.998333940317411]
0 10000 130000 -2.630471668410894 11.869425461999981 [3.001796393174526, 6.99833394014775, 3.0017963944397494, 6.99833393961471]
0 10000 130000 -2.68286039569314 11.79952123299995 [5.998749536792628, 6.000287362550891, 5.99874953719772, 6.00028736856191]
0 10000 130000 -2.630471668410894 11.141351490000034 [3.00179639592578, 6.998333937968016, 3.0017963955762705, 6.998333941398789]
0 10000 130000 -5.055197728932868 10.78848138300009 [1.0001315880534913, 1.0001563436259946, 1.0001315868258602, 1.0001563433832859]
0 10000 130000 -5.100772140331989 10.759056181000005 [7.99958330709114, 7.9996415879027065, 7.999583303739763, 7.999641588841353]
0 10000 130000 -2.6304716684108937 10.803317375999995 [3.0017963921635116, 6.99833394608402, 3.001796397490734, 6.998333935012893]
0 10000 130000 -5.055197728932868 10.826079642999957 [1.000131587200784, 1.0001563406895395, 1.000131588478614, 1.0001563413409549]
0 10000 130000 -5.055197728932868 11.13919182199993 [1.0001315862957643, 1.0001563415458603, 1.0001315852847763, 1.0001563383517338]
0 10000 130000 -5.100772140331988 11.019897634000017 [7.999583302807841, 7.999641593277493, 7.999583303109302, 7.999641589202961]
