0 10000 130000 0.0005544445910974549 4.758803918999547 [1.002565075999273, 1.00510603999851, 1.010130184225278, 1.020407356755477, 1.0413432338255801]
0 10000 130000 4.203347569672433 4.755062834000455 [-1.0245794678233566, 1.059558456935306, 1.126816535153072, 1.2708347048288529, 1.6150366038220763]
0 10000 130000 0.004112511839971446 4.796934835000684 [0.9928869732997919, 0.9858089137223678, 0.9719397020754812, 0.944656171697928, 0.8920799406299376]
0 10000 130000 4.0283298108441805 4.781541803000437 [-1.0022240603499204, 1.0143191819525177, 1.034158719632531, 1.0714262901178895, 1.148385810024661]
0 10000 130000 0.13135196180425043 4.756117638999967 [1.0352452921003155, 1.071780135965537, 1.1490239315012383, 1.320376799778144, 1.7443774663663019]
0 10000 130000 0.007568975781417197 4.750693347000379 [0.9903159821114979, 0.9806578612704397, 0.9617489218193478, 0.9249265144740603, 0.8553902987581917]
0 10000 130000 0.005617316082308973 4.74721929899988 [0.9916773231549556, 0.9833839235376381, 0.9671206509911378, 0.9352706864677005, 0.8747247716790554]
0 10000 130000 0.005193787295420589 4.748283458000515 [0.9919961708007184, 0.9840572318197792, 0.9684922789063897, 0.9378210564253143, 0.8791529920903712]
0 10000 130000 0.0047560025254121474 4.754699199999777 [0.9923111157831542, 0.9847627504057457, 0.9696738689029221, 0.9405306931490698, 0.884560501846035]
0 10000 130000 3.9832830058947133 4.774210872999902 [-0.9927045424313229, 0.9954480435958664, 0.9952474942875856, 0.9926798912102909, 0.9854564303037678]
0 10000 130000 0.0058350365470677635 4.8454001390000485 [0.9914257418017258, 0.9831259020977235, 0.9663878715786058, 0.9341876021018453, 0.8728302954657553]
0 10000 130000 0.0055942494696868015 4.82712465700024 [0.9917218748586285, 0.9834704157394254, 0.9671923115599267, 0.93538695092254, 0.8748756692651042]
0 10000 130000 0.006660058536206031 4.829921360000299 [0.9908580602454496, 0.9819701125188909, 0.9642336671268767, 0.92961350327949, 0.863818741880148]
0 10000 130000 0.013434590493470813 4.780138060999889 [0.9870057060532503, 0.9740213537002982, 0.9487048239613545, 0.9003304073738455, 0.8102114410103558]
0 10000 130000 0.006907313517946606 4.733390209999925 [0.9907758194618894, 0.98163761246629, 0.9635452721055495, 0.9282238155098779, 0.8615937417071674]
0 10000 130000 0.004334859266563559 4.792948981000336 [0.9926983185377776, 0.9855413150615203, 0.9711759747099462, 0.943105506324882, 0.8893096960935218]
0 10000 130000 4.089375436753716 4.84110490600051 [-1.0123237563843785, 1.0344836731479705, 1.0729550965277364, 1.152013114336272, 1.3280631715619184]
0 10000 130000 0.005653362131077037 4.841246492999744 [0.9915919915568414, 0.983226472050704, 0.9668812213083549, 0.9354622286481861, 0.8750031052953761]
0 10000 130000 0.005570120163054172 4.76870142900043 [0.9915927174090289, 0.9834683331044387, 0.967272205805964, 0.935602744201335, 0.8751758773507022]
0 10000 130000 0.0036648468572971007 4.7609236640000745 [0.9933207788215154, 0.9867211724606179, 0.9735281723122446, 0.9477165805207566, 0.897875371089382]
0 10000 130000 3.933077416921319 4.7803553539997665 [-0.9688971392160515, 0.9489054523603407, 0.9055379004577615, 0.8218695706823727, 0.6754715178636257]
0 10000 130000 0.005625656995030027 4.759907052000017 [0.9914836253583543, 0.9836005406221416, 0.9670887551075246, 0.9361247420036469, 0.8763880013198757]
0 10000 130000 3.934295142317535 4.84784425900034 [-0.9705349935257532, 0.9518711202550241, 0.9113071176365475, 0.832623825569791, 0.6935634525676776]
0 10000 130000 0.009721951505819573 4.81601289900027 [0.9890596318800974, 0.9779970765243924, 0.9564783424035534, 0.9150847458600089, 0.8372360973412535]
0 10000 130000 0.006964775313228307 4.80986376599958 [0.9907750398343983, 0.9816043435304699, 0.963477929704476, 0.9280702826159284, 0.8607839713843783]
0 10000 130000 0.006056740473091378 5.001106349000111 [0.991387977222291, 0.9828345877896602, 0.9659113336179114, 0.9328868318700662, 0.8698256236450531]
0 10000 130000 0.0068666361431192 4.800062432000232 [0.990771888921978, 0.9816584664667488, 0.9635914334156979, 0.9285162588362338, 0.8618411012411689]
0 10000 130000 0.004448407888172472 4.744583687999693 [0.992538809427121, 0.9852370320307707, 0.9707196977831093, 0.9424326562701253, 0.8881116621307582]
0 10000 130000 0.004472743505079103 4.788248523999755 [0.9925373817232704, 0.9851354305398883, 0.9705998312963207, 0.9423765298697456, 0.8880162071391134]
0 10000 130000 0.00387477879280548 4.803955006999786 [0.9930435691173924, 0.9862412225647138, 0.9727049655732642, 0.946241378928514, 0.8953410857240434]
0 10000 130000 0.005560790458955017 4.792630741999346 [0.9917378179170657, 0.983488138911433, 0.9673454464468093, 0.9356105947129432, 0.8751627953177192]
0 10000 130000 0.01247772403648225 4.88768351499948 [1.0116509727496934, 1.0234551208333154, 1.0476248413207168, 1.0974563404071704, 1.2048885358444514]
0 10000 130000 3.9311720539478157 4.736702651000087 [-0.959298444043829, 0.9304905975380218, 0.8710195826755611, 0.7609347824365625, 0.5789545102088814]
0 10000 130000 0.007204448032372076 4.734507054999995 [0.9904768844237453, 0.9810744774494294, 0.9626988528300179, 0.9267888298974871, 0.8590127693887522]
0 10000 130000 0.005211705576294125 4.727868830000261 [0.9919539798511515, 0.9839702562862448, 0.9683818264133295, 0.9377684713293788, 0.8790336701803197]
0 10000 130000 0.008971781160476313 4.7719164250001995 [0.9894980867074323, 0.9790151676755366, 0.9584046836657225, 0.9182760804751869, 0.8430322600439057]
0 10000 130000 0.0077240079176331255 4.70535936899978 [0.990123240766469, 0.9804588669094865, 0.9612622462302409, 0.9243484919401987, 0.8541214471364003]
0 10000 130000 0.00428096389311271 4.778335990999949 [0.9928073568950654, 0.9855487468946104, 0.9713031928827919, 0.943531959153432, 0.8900113819169863]
0 10000 130000 0.00543104137631623 4.75655595399985 [0.991872354051001, 0.9837627662319374, 0.9677565584370478, 0.9364068091684009, 0.8764686793410018]
0 10000 130000 0.005234160879453287 4.773066203000781 [0.9919564174333507, 0.9840099420865741, 0.9682167251821616, 0.9375442855834089, 0.878870022375017]
0 10000 130000 0.0065847553533184035 4.712410371999795 [0.990986070546766, 0.9820204123290724, 0.9643391531732811, 0.9300528898471419, 0.8646147751802791]
0 10000 130000 0.0065881666847519785 4.741502962000595 [0.9909507021822563, 0.9819833495730491, 0.9642910121846727, 0.9300215012428719, 0.8646781881987288]
0 10000 130000 0.005375042247508936 4.807693602000654 [0.9919014153294301, 0.9838175001550711, 0.9678654908464848, 0.9366522824609327, 0.8772523228554636]
0 10000 130000 0.006573743170905606 4.765527675999692 [0.9910426678159661, 0.982117975422886, 0.9644625549210198, 0.9299687108649185, 0.8647678426446224]
0 10000 130000 0.00528661072173099 4.80117858199992 [0.9919776296327646, 0.9840288567260693, 0.9681375780094429, 0.9372152580056562, 0.8781195674507479]
0 10000 130000 0.004487369926351535 4.724499124999966 [0.9925727623830923, 0.9852340199539977, 0.9706793584265287, 0.9421036722711602, 0.887456622243418]
0 10000 130000 0.006790429058727557 4.766096823000225 [0.9908099957731356, 0.9816728257850674, 0.9636930696342706, 0.928978482372291, 0.8629552719297402]
0 10000 130000 0.005529318479193649 4.751704092000182 [0.991704158240437, 0.9835686896107617, 0.9673976694890899, 0.9357680679406252, 0.8756176507854229]
0 10000 130000 0.02189020181331066 4.7672891700003674 [0.9831662343889814, 0.966612624567985, 0.9341760981915289, 0.8733004554002942, 0.7618413944436824]
0 10000 130000 0.0018554138059692121 4.739661870000418 [0.995261413105251, 0.9905662295106712, 0.98118812100992, 0.9627551819759274, 0.9267337556415209]
