0 53 689 -10.535967238175463 0.034823220999896876 [3.9994779509822562, 3.998676708564399, 3.999568072800771, 4.000542567098748]
0 43 559 -10.53534976458077 0.02749510099965846 [4.002362756773313, 3.999555940208725, 3.9991733919356465, 4.00192653872956]
0 44 572 -10.53569548316439 0.02790431199991872 [3.9996184278227402, 3.9990068162005543, 4.001733218535513, 3.997278283302762]
0 51 663 -10.536416724227573 0.06872229900000093 [4.0012341783370236, 3.9995837636250715, 4.000885759433494, 3.9994637565843325]
0 23 299 -10.536293796425237 0.01759659300023486 [4.000432640040329, 4.000550562392375, 4.001060701114256, 3.9999709470526557]
0 44 572 -10.53583558497849 0.030731277000086266 [3.999246557271646, 3.998192896134594, 4.001884767942245, 4.000399969057532]
0 37 481 -10.535798080029625 0.03363659699971322 [4.002490260867656, 3.9997576081387085, 4.000910023456273, 3.997685428516213]
0 32 416 -10.535956401090905 0.026720433000264165 [3.9994599690944717, 3.9977274136495478, 4.000908156003596, 3.999595303410368]
0 31 403 -10.535855229119017 0.0188657359994977 [3.999647222009371, 4.0009235853312966, 4.002222471104359, 3.9988097990545612]
0 41 533 -10.535342502603745 0.02452543199979118 [3.9994310689722283, 4.002400793963426, 4.001367485831419, 3.9987824161137144]
0 65 845 -10.53549982394467 0.04703590600001917 [4.002067121381174, 3.9969776177173926, 4.000142349358358, 3.998549826918035]
0 40 520 -10.535335700988089 0.03376753500015184 [3.99780070124127, 3.9998091454690248, 3.999781919544274, 3.998337418117672]
0 37 481 -10.535329408374986 0.021002314999350347 [3.9999691708426828, 3.997827637654022, 3.999327817910812, 3.997124351633417]
0 41 533 -10.535350069779673 0.032460055999763426 [4.003277506098089, 3.999276114315318, 4.0019543826505535, 4.001245553424459]

0 10000 130000 -2.7902905052196916 5.134378361999552 [3.0009279167419156, 7.000379146099341, 3.0009279287300354, 7.000379148798708]
0 10000 130000 -2.4950359734737293 5.856443479000518 [6.986309434876941, 3.592961863995511, 6.9863094237607495, 3.59296186257318]
0 10000 130000 -2.790290505219692 5.866801778000081 [3.0009279193106595, 7.000379156688863, 3.00092792435839, 7.000379146401967]
0 10000 130000 -2.79029050521969 5.488773379999657 [3.0009279244025113, 7.000379150997487, 3.00092792030388, 7.000379129033395]
0 10000 130000 -2.790290505219692 6.74436576700009 [3.0009279279129006, 7.000379147634036, 3.0009279241691456, 7.000379146047746]
0 10000 130000 -4.069876498198585 6.664969165000002 [5.001473982199516, 3.002206496911671, 5.001473981487379, 3.0022064922034013]
0 10000 130000 -4.069876498198586 5.883920430999751 [5.001473974874929, 3.0022064937760553, 5.001473978024002, 3.0022064986569754]
0 10000 130000 -4.069876498198585 6.429835117000039 [5.001473984027567, 3.0022064904736205, 5.001473977319773, 3.0022064935146187]
0 10000 130000 -2.8711595835498693 5.314988564000487 [5.999014640736193, 5.996503487527423, 5.9990146290459725, 5.99650348793722]
0 10000 130000 -2.8711595835498684 6.352477493000151 [5.999014619587718, 5.996503492485974, 5.999014641335479, 5.996503490863591]
0 10000 130000 -2.8711595835498698 5.594634525999936 [5.999014635936557, 5.996503485526439, 5.999014627580434, 5.9965034917777675]
0 10000 130000 -4.069876498198586 5.8692290469998625 [5.0014739774707095, 3.0022064896961007, 5.001473974386216, 3.0022064924483782]
0 10000 130000 -2.4950359734737217 8.454706444999829 [6.9863094298416115, 3.592961906717595, 6.9863094268885995, 3.5929618650109627]
0 10000 130000 -2.495035973473729 5.930826729000728 [6.98630941625955, 3.592961857786705, 6.986309418719298, 3.592961860222985]
0 10000 130000 -4.069876498198586 7.2711716659996455 [5.001473976638251, 3.0022064900466185, 5.0014739773510115, 3.002206490949593]
0 10000 130000 -2.7902905052196902 5.733518959000321 [3.0009279221634855, 7.000379131943285, 3.0009279222853826, 7.000379144434958]
0 10000 130000 -5.128480944361221 7.424370417999853 [1.0003662611679136, 1.000252972978909, 1.0003662610044586, 1.000252966963664]
0 10000 130000 -4.069876498198586 6.388543007999942 [5.001473973191215, 3.002206492508252, 5.0014739738243446, 3.0022064946236746]
0 10000 130000 -2.608462833171693 6.606981941999948 [5.991914431971899, 2.022366440050869, 5.991914423501584, 2.022366440227245]
0 10000 130000 -4.069876498198586 5.340496613999676 [5.0014739703905455, 3.0022064911205355, 5.0014739707155424, 3.002206494604992]
0 10000 130000 -4.069876498198586 7.403204720999383 [5.001473973494487, 3.002206495167944, 5.0014739780342845, 3.0022064895747578]
0 10000 130000 -2.8711595835498693 5.210343453999485 [5.999014623917912, 5.996503488357107, 5.999014635247962, 5.99650349410595]
0 10000 130000 -4.069876498198578 5.183279625999603 [5.001474001183293, 3.002206499418423, 5.001473974896881, 3.0022064926717333]
0 10000 130000 -2.608462833171693 5.877919699999438 [5.991914430211392, 2.022366454294426, 5.991914424882234, 2.0223664417360303]
0 10000 130000 -2.7902905052196916 5.220984526999928 [3.0009279242234994, 7.000379146433512, 3.0009279267018223, 7.00037914106998]
0 10000 130000 -2.871159583549869 5.428383242999189 [5.999014645252403, 5.996503489849387, 5.999014631698144, 5.996503491803554]
0 10000 130000 -2.8711595835498698 7.018955219000418 [5.999014637192628, 5.996503486312349, 5.999014630851216, 5.996503488820916]
0 10000 130000 -2.8711595835498693 5.20857297999919 [5.999014641171902, 5.996503494512562, 5.9990146298029625, 5.996503484312698]
0 10000 130000 -1.6964247856194918 5.828810934000103 [7.9850873565137634, 1.013032553880668, 7.985087343730631, 1.0130325616970806]
0 10000 130000 -2.4950359734737293 5.283807107999564 [6.986309423959309, 3.5929618607025207, 6.986309431661715, 3.5929618569245196]
0 10000 130000 -2.4950359734737293 5.297671150000497 [6.986309419826125, 3.5929618577180515, 6.9863094281193, 3.59296186268977]
0 10000 130000 -5.1756467630181975 5.089553593999881 [7.999478462913882, 7.999436390383968, 7.999478456702821, 7.999436397687721]
0 10000 130000 -4.069876498198586 4.938206302999788 [5.00147397300384, 3.0022064976970175, 5.001473970896901, 3.002206489254239]
0 10000 130000 -2.608462833171693 4.97481139500087 [5.991914423148332, 2.022366439684322, 5.991914427991528, 2.0223664411067173]
0 10000 130000 -4.069876498198585 5.302715306999744 [5.001473973499662, 3.0022064923299085, 5.00147397422698, 3.002206483345615]
0 10000 130000 -2.4950359734737293 5.494904027999837 [6.986309421325387, 3.592961863377027, 6.986309422654424, 3.5929618595820507]
