53 13065 2.6585593795349545
6 1755 2.658559869011686
1 416 2.6585599923307477
10 3627 2.6585593838157293
52 13390 2.6585591955487144
27 8736 2.6585593711150106
58 13351 2.6585597966126535
99 23686 2.6585599597295464
194 43667 2.658559464987651
152 37180 2.658559984547392
19 6383 2.65855977032961
0 351 2.658559895727969
131 30004 2.6585595774192923
90 23101 2.6585598713789387
5 1963 2.658559323023805
138 29406 2.658559362885115
5 2054 2.658559904984118
21 4875 2.6585598872476064
35 9191 2.658559870218557
84 24362 2.6585593420314964
20 5031 2.6585595653150658
23 6214 2.6585593633096773
71 16354 2.6585595005539386
8 1924 2.658559532289389
121 30251 2.6585592424511804
63 13325 2.658559358465834
79 17550 2.658559820194425
142 35425 2.65855933363713
31 6669 2.658559516049735
9 2704 2.6585596142614953
36 8944 2.65855986509931
1 689 2.6585594916920483
347 84214 2.6585594271893216
109 22802 2.6585598974845452
228 54730 2.65855949440031
71 15080 2.658559460241486
81 18304 2.6585596013827373
177 41132 2.6585599276164684
49 16549 2.658559488193827
25 5681 2.6585599658553853
143 32266 2.658559918337496
61 14196 2.658559890208489
57 14573 2.658559180765203
144 37076 2.658559953835749
15 5213 2.6585598303625715
55 14495 2.6585595070757027
224 54873 2.6585595808350444
22 5187 2.6585595772156085
2 988 2.6585599780234426
2 1079 2.658559855558057

