35 213567 2.6585597285546214
0 213029 2.658559401763615
0 222523 2.6585592998206646
3 245154 2.658559303173321
11 316126 2.658559463397115
13 388697 2.6585598891675493
7 426159 2.658559761005976
9 481171 2.6585595076645943
8 530330 2.658559597623074
7 579195 2.658559800920536
7 620808 2.6585599236031316
9 670739 2.658559964669304
56 1006041 2.6585593037726998
2 1014865 2.6585598934334187
7 1066007 2.658559555616673
1 1080053 2.658559438447779
1 1086897 2.658559524481322
10 1158725 2.6585597346973056
33 1325430 2.6585597313513913
1 1333398 2.6585591827233244
12 1396921 2.658559390796421
33 1596401 2.658559499575048
50 1874280 2.6585596362758372
5 1904346 2.6585592181992697
17 2004921 2.6585598090111007
57 2330425 2.658559387812224
5 2350751 2.658559446140056
16 2450149 2.6585592776189872
48 2717363 2.658559735540853
22 2822886 2.6585592407580085
60 3136857 2.6585594950591203
2 3145411 2.658559932106575
28 3314051 2.6585599814091165
0 3312830 2.6585596567146004
17 3400768 2.6585592856027342
5 3429377 2.658559944896889
48 3677800 2.658559514631945
1 3688207 2.6585592309097548
3 3715399 2.658559346793013
36 3921149 2.658559923905682
22 4025771 2.6585592889004874
10 4086423 2.658559857605347
22 4229008 2.658559167513284
0 4229581 2.6585593012227164
14 4310812 2.6585595322523523
2 4322786 2.658559878643624
8 4370667 2.658559404124749
14 4461967 2.6585591902525616
19 4575405 2.6585597926293763
4 4595006 2.658559759532859

