0 9235 2.6585594444860243
0 15599 2.6585597721590486
0 153874 2.800157076097795
0 318099 2.6994937087460986
0 482496 2.938118187334225
0 486450 2.6585594233756873
0 493075 2.658559417515509
0 503612 2.658559562344025
0 643383 2.800157076097795
0 652061 2.65855987262158
0 790383 3.6262543050101783
0 933687 2.938118187334225
0 1072572 2.6994937087460986
0 1214374 2.6994937087460986
0 1381255 2.6994937087460986
0 1388686 2.658559851851897
0 1526489 2.9032238167631403
0 1533408 2.6585593705698645
0 1671831 3.2033490374277944
0 1679171 2.658559535725538
0 1814060 2.800157076097795
0 1844937 2.658559795059328
0 1978147 3.2033490374277944
0 1986889 2.658559271108494
0 2136502 2.6994937087460986
0 2302459 2.909619184984757
0 2483104 2.6994937087460986
0 2622844 3.2033490374277944
0 2644895 2.6585598322754156
0 2653706 2.6585593633746627
0 2792260 2.909619184984757
0 2955262 2.6994937087460986
0 2970087 2.6585597291096086
0 2982452 2.6585597842749977
0 3122856 2.800157076097795
0 3286661 2.6994937087460986
0 3307643 2.658559806122452
0 3444837 2.800157076097795
0 3587187 2.6994937087460986
0 3725744 2.6994937087460986
0 3759947 2.658559413438411
0 3900825 2.6994937087460986
0 4038406 2.9032238167631403
0 4175082 2.800157076097795
0 4190080 2.6585595105421795
0 4202283 2.658559909013298
0 4341076 2.6994937087460986
0 4481378 2.800157076097795
0 4654984 2.6994937087460986
0 4834004 2.909619184984757
