0 130000 3.004955316404671
0 1456 2.658559876359595
0 130000 2.9032238167631403
0 130000 2.909619184984757
0 130000 2.909619184984757
0 130000 3.2033490374277944
0 130000 2.909619184984757
0 130000 2.909619184984757
0 1885 2.6585598285256573
0 390 2.6585597230383935
0 130000 3.2033490374277944
0 130000 3.2033490374277944
0 130000 3.2033490374277944
0 130000 2.6994937087460986
0 130000 2.9664865378366714
0 130000 2.6994937087460986
0 130000 3.2826173625208797
0 130000 2.6994937087460986
0 130000 3.9597811512784946
0 130000 3.6262543050101783
0 130000 2.938118187334225
0 130000 2.9664865378366714
0 767 2.6585598821215215
0 130000 3.9597811512784946
0 130000 3.6262543050101783
0 130000 2.909619184984757
0 130000 2.6994937087460986
0 130000 3.6262543050101783
0 130000 2.800157076097795
0 130000 3.9597811512784946
0 130000 5.251661050589767
0 130000 2.938118187334225
0 130000 2.6994937087460986
0 130000 2.6994937087460986
0 130000 2.6994937087460986
0 130000 2.859301015529199
0 130000 2.909619184984757
0 130000 2.6994937087460986
0 364 2.6585592264902993
0 130000 2.909619184984757
0 130000 2.6994937087460986
0 130000 2.6994937087460986
0 130000 3.2033490374277944
0 130000 3.102540388995962
0 130000 2.6994937087460986
0 1742 2.65855936468844
0 130000 3.2033490374277944
0 130000 2.800157076097795
0 130000 2.6994937087460986
0 130000 2.6994937087460986
