333 130000 0.0019996174034680623
335 130000 0.0015395038972493011
355 130000 0.000892386685186596
346 130000 0.7648628160712175
341 130000 0.00035976551813719635
322 130000 0.6788278018144847
354 130000 0.0006228926935489195
359 130000 0.33190117723259427
329 130000 3.715567411547756
351 130000 0.0003597471168738603
337 130000 0.8102438857332548
354 130000 0.0010350821479879141
349 130000 0.0003597499300073046
336 130000 0.8052071687054734
329 130000 0.0003933109678476126
326 130000 0.00035982030553822965
348 130000 0.8148908776438534
345 130000 0.0014820946603710285
332 130000 1.2596537942630293
344 130000 1.8570120399860737
327 130000 0.001392975763279206
319 130000 0.000405601645693839
341 130000 0.0014045832262506875
337 130000 0.004534293688029946
326 130000 0.643898575084831
336 130000 0.0003598591566500187
340 130000 0.0005997226812943976
324 130000 0.0011730155576761467
326 130000 0.0008983575298366368
345 130000 0.0004008304265258365
335 130000 0.0004796696870519322
349 130000 0.0006454684590789001
335 130000 0.01263378694809519
326 130000 0.00040330712480987055
332 130000 0.0008477253285108932
320 130000 2.5571632685458203
321 130000 2.300680898553986
337 130000 2.6241194359783755
337 130000 0.0012808022700469374
335 130000 0.002131514417559243
340 130000 0.00036055106971374354
338 130000 0.0016880698266508582
352 130000 0.0003598824897104004
316 130000 0.002314531113727514
327 130000 0.0017042134962305911
362 130000 0.00041335006908163185
354 130000 0.002556892911265479
337 130000 0.0003795398533207969
339 130000 0.0004749908925242099
350 130000 0.002503237049229917

