20 11262 2.658559910129689
134 68454 2.658559841656725
37 54953 2.6585595852509396
166 124598 2.6585594628293068
22 98204 2.6585599169559435
236 197534 2.6585598983918244
4 146620 2.6585598032023867
13 151898 2.6585593131809295
2 150762 2.6585595977570775
11 155041 2.6585592840185
43 170530 2.658559715218544
44 181522 2.6585595692174904
22 182833 2.6585598640375565
0 178454 2.6585595117463976
109 232054 2.6585594985689713
31 219781 2.658559961953676
45 233219 2.6585591909173583
94 260831 2.658559249380856
37 259987 2.6585599036426055
53 277569 2.6585593024309593
59 291882 2.658559183536356
21 287504 2.6585596054393945
31 299167 2.658559811515273
115 344039 2.658559641639828
37 335607 2.6585598650638156
50 351794 2.658559608119593
35 357555 2.658559993751243
162 427014 2.658559532180184
83 423983 2.6585593376149377
15 411993 2.658559981491755
31 423321 2.6585597269043544
25 429728 2.6585597269404047
45 444511 2.658559732267081
101 478131 2.6585595452108683
62 484897 2.658559182703106
269 601224 2.658559226939194
79 569461 2.658559462115031
70 584055 2.6585593700960466
86 609638 2.658559965976202
296 723268 2.6585592810908594
10 661142 2.658559448053831
23 670813 2.658559543689817
112 718960 2.6585593903987212
42 706928 2.658559663926425
57 726993 2.6585593152208373
3 715214 2.658559299306713
207 804515 2.658559585776416
10 764576 2.658559765230594
45 785578 2.658559986577159
16 780124 2.6585599152709616

