0 130000 0.0003597470804197071
0 130000 0.0003597470804197071
0 130000 0.0003597470804197071
0 130000 0.0003597470804197071
0 130000 0.0003597470804197071
0 130000 0.0003597470804197071
0 130000 0.0003597470804197071
0 130000 0.0003597470804197071
0 130000 0.0003597470804197071
0 130000 0.0003597470804197071
0 130000 0.0003597470804197071
0 130000 0.0003597470804197071
0 130000 0.0003597470804197071
0 130000 0.00040082930873924164
0 130000 0.0003597470804197071
0 130000 0.0003597470804197071
0 130000 0.0003597470804197071
0 130000 0.0003597470804197071
0 130000 0.0003597470804197071
0 130000 0.0003597470804197071
0 130000 0.0003597470804197071
0 130000 0.0003597470804197071
0 130000 0.0003597470804197071
0 130000 0.0003597470804197071
0 130000 0.0003597470804197071
0 130000 0.0004796627738929428
0 130000 0.0003597470804197071
0 130000 0.0003597470804197071
0 130000 0.0003597470804197071
0 130000 0.0003597470804197071
0 130000 0.0003597470804197071
0 130000 0.0003597470804197071
0 130000 0.0003597470804197071
0 130000 0.0003597470804197071
0 130000 0.0003597470804197071
0 130000 0.0003597470804197071
0 130000 0.0003597470804197071
0 130000 0.0003597470804197071
0 130000 0.0003597470804197071
0 130000 0.0003597470804197071
0 130000 0.0003597470804197071
0 130000 0.0003597470804197071
0 130000 0.0003597470804197071
0 130000 0.0003597470804197071
0 130000 0.0003597470804197071
0 130000 0.0013190726282055927
0 130000 0.0003597470804197071
0 130000 0.0003597470804197071
0 130000 0.0003597470804197071
0 130000 0.0003597470804197071
