0 131542 2.6994937087460986
0 261499 2.9032238167631403
0 391417 2.800157076097795
0 522728 2.6994937087460986
0 651225 2.9386437398969405
0 781414 2.859301015529199
0 911250 2.938118187334225
0 1041553 2.938118187334225
0 1171586 2.6994937087460986
0 1171232 2.6585592335030857
0 1301968 2.938118187334225
0 1433940 2.859301015529199
0 1562287 2.6994937087460986
0 1691665 2.800157076097795
0 1821911 2.6994937087460986
0 1952406 3.2033490374277944
0 2081808 2.859301015529199
0 2212641 3.2033490374277944
0 2341703 3.004955316404671
0 2342060 2.6585593706490207
0 2473072 3.9597811512784946
0 2602772 2.6994937087460986
0 2732913 2.6994937087460986
0 2862369 2.9032238167631403
0 2992552 3.2033490374277944
0 3123547 3.2033490374277944
0 3122889 2.65855917582163
0 3253485 2.859301015529199
0 3253020 2.658559962205655
0 3383715 2.909619184984757
0 3513807 3.6262543050101783
0 3644708 2.859301015529199
0 3773837 2.909619184984757
0 3904407 2.800157076097795
0 4033988 2.938118187334225
0 4163846 3.004955316404671
0 4294501 2.6994937087460986
0 4423846 2.800157076097795
0 4554156 2.909619184984757
0 4553901 2.658559315980038
0 4684470 3.2971923644006407
0 4816119 2.9386437398969405
0 4814069 2.658559230713559
0 4945022 2.6994937087460986
0 4947260 2.658559455983495
0 4946270 2.6585597581749547
0 5076737 3.004955316404671
0 5078155 2.6585595135897497
0 5081185 2.658559632683509
0 5211048 2.938118187334225
