265 130000 0.001736045835493402
269 130000 0.0005372169849619236
265 130000 0.0007366732137965516
254 130000 0.000678361190307364
275 130000 0.002998506860604358
257 130000 0.0028021358035869547
234 130000 0.00039744633356843717
273 130000 0.0023412385007765186
277 130000 0.0003598591806916001
253 130000 0.00041611477394902155
264 130000 0.008718882398462675
278 130000 0.0007369812200046132
267 130000 0.0017145196240397314
277 130000 0.00035984390744757557
252 130000 0.4119157751881635
263 130000 0.002554966984564295
260 130000 0.000400860676556025
256 130000 0.005653674377360216
267 130000 0.00039386012543457776
254 130000 0.004997234217400339
270 130000 0.003826942143625044
268 130000 0.23311243588848635
256 130000 0.045447313501172745
255 130000 0.6676778117920853
262 130000 0.0005322853322253046
243 130000 0.004076583766131583
271 130000 0.0007543301322316097
245 130000 0.00036590214922973033
240 130000 0.0005811320978005889
288 130000 0.00040128040865243893
247 130000 0.0029214536356501324
266 130000 0.0006174653481518721
251 130000 0.001781070034454242
268 130000 0.003444667186592502
265 130000 0.0004808489680026562
270 130000 0.0004807555347661114
258 130000 0.0003914345550291659
260 130000 0.0016165892902601751
280 130000 0.0012614568048699554
261 130000 0.00035974733261747067
253 130000 0.00045725300201843253
269 130000 0.00042145557117490175
254 130000 0.02434259425126256
237 130000 0.3500498658177599
269 130000 0.00035977035408246125
244 130000 0.0004946217697351491
265 130000 0.0004077502898293345
270 130000 0.00035985917763954513
273 130000 0.0010005525752812086
254 130000 0.0010784402063135855

