44 0 843 10959 0.5031875220001893
71 0 1109 14417 0.7621347639997111
80 0 1655 21515 0.9913566029999856
44 0 858 11154 0.5055420549997507
257 0 4789 62257 2.7368408339998496
69 0 1401 18213 0.819095854999432
64 0 1604 20852 0.9779556119992776
22 0 504 6552 0.37429626700031804
18 0 420 5460 0.2877629429995068
114 0 2268 29484 1.3481065810001382
1 0 67 871 0.03694948700012901
78 0 1442 18746 0.8320382110005085
3 0 103 1339 0.06339635499989527
6 0 139 1807 0.07910115199956635
6 0 207 2691 0.12936266399992746
55 0 1213 15769 0.7074413089994778
29 0 697 9061 0.45237756299957255
40 0 867 11271 0.5036227450000297
82 0 1402 18226 0.9032457759994941
30 0 605 7865 0.39400575699983165
1 0 80 1040 0.0539802379998946
27 0 599 7787 0.367228305000026
10 0 270 3510 0.15201405300012993
39 0 733 9529 0.4630614299994704
17 0 472 6136 0.30604556600064825
5 0 123 1599 0.07366882299993449
18 0 448 5824 0.2889557689995854
42 0 849 11037 0.5038967500004219
2 0 74 962 0.044447176000176114
44 0 809 10517 0.5020347899999251
2 0 72 936 0.04053600900078891
2 0 69 897 0.039761396999892895
0 0 32 416 0.01779503299985663
216 0 4005 52065 2.296002526999473
35 0 593 7709 0.3468054740005755
41 0 776 10088 0.4566743100003805
4 0 111 1443 0.06175751999944623
13 0 319 4147 0.18839058499997918
50 0 956 12428 0.5665483789998689
25 0 503 6539 0.303580831000545
50 0 1040 13520 0.5951891149998119
26 0 628 8164 0.36591474899978493
27 0 447 5811 0.27019253200069215
55 0 919 11947 0.5356386220000786
104 0 1561 20293 0.8889040289996046
43 0 782 10166 0.458588368999699
4 0 158 2054 0.09047496799939836
61 0 973 12649 0.5831400489996668
70 0 1595 20735 0.903602071000023
82 0 1490 19370 0.9004577599998811
