0 0 10000 130000 5.212109631000203
0 0 40 520 0.0222353999997722
0 0 39 507 0.022812996000538988
0 0 10000 130000 4.898694232999333
0 0 10000 130000 4.91238062299999
0 0 10000 130000 4.902260215999377
0 0 10000 130000 4.90157298899976
0 0 10000 130000 4.905441920999692
0 0 10000 130000 4.946133010999802
0 0 10000 130000 4.8577313039995715
0 0 10000 130000 4.918843049000316
0 0 10000 130000 4.918810843000756
0 0 34 442 0.019613821000348253
0 0 10000 130000 4.877438118999635
0 0 10000 130000 4.865756043999681
0 0 10000 130000 4.866561378999904
0 0 10000 130000 5.475046790000306
0 0 10000 130000 4.956806612000037
0 0 40 520 0.021877910000512202
0 0 10000 130000 4.914031928999975
0 0 10000 130000 4.942621127000166
0 0 48 624 0.026421790000313194
0 0 10000 130000 5.058007456999803
0 0 10000 130000 4.889364792000379
0 0 10000 130000 4.925470338000196
0 0 10000 130000 4.883372639999834
0 0 59 767 0.032568874999924446
0 0 10000 130000 4.867240335000133
0 0 36 468 0.01993910000055621
0 0 69 897 0.03798701599953347
0 0 38 494 0.020649052999942796
0 0 625 8125 0.3463459200002035
0 0 10000 130000 4.916037270000743
0 0 10000 130000 4.932615201000772
0 0 35 455 0.01969315199949051
0 0 10000 130000 4.913467692000268
0 0 50 650 0.02831422199960798
0 0 10000 130000 4.88083677800023
0 0 43 559 0.02479054699961125
0 0 10000 130000 5.006663785000455
0 0 10000 130000 4.912316549999559
0 0 10000 130000 4.91127319700081
0 0 10000 130000 4.84543460399982
0 0 10000 130000 4.8792286190000596
0 0 10000 130000 4.898035533999973
0 0 10000 130000 4.876403313999617
0 0 10000 130000 4.876120378000451
0 0 10000 130000 4.853618013000414
0 0 47 611 0.026378425000075367
0 0 10000 130000 4.957416206999369
