9 3316 255 6631 0.1506016630000886
2 4559 94 5781 0.056132306000108656
39 16057 884 27549 0.5453838169996743
43 27764 899 39451 0.5528406419998646
115 57260 2268 86744 1.3749702420000176
89 81092 1832 104908 1.12514779599951
9 83768 206 86446 0.1204015650000656
32 91433 588 99077 0.38226478199976555
30 99384 610 107314 0.3834819300000163
15 102512 241 105645 0.1959319810002853
25 108441 454 114343 0.29078922200005763
28 116866 647 125277 0.4058554949997415
52 130590 1055 144305 0.6499740660001407
89 149233 1433 167862 0.8744286929995724
6 151443 170 153653 0.09850097199978336
19 156554 391 161637 0.2541825130001598
83 179572 1770 202582 1.0724057520001224
61 195785 1246 211983 0.7636056730007112
40 207638 912 219494 0.5580132380000578
101 233788 2009 259905 1.2109471009998742
2 234814 79 235841 0.04671192899968446
93 261216 2029 287593 1.2570097969992275
13 266348 394 271470 0.2408758179999495
1 266996 49 267633 0.03647063100015657
31 273524 501 280037 0.326922432000174
12 276813 252 280089 0.15062609200049337
3 278318 115 279813 0.07181547399977717
64 293973 1203 309612 0.7568996310001239
37 303990 769 313987 0.4827358760003335
126 337299 2562 370605 1.5310818600000857
132 372011 2669 406708 1.5750294179997582
24 377683 436 383351 0.26741607199983264
15 383432 441 389165 0.27218587400057004
5 386032 198 388606 0.1206303779999871
24 392448 494 398870 0.31486627599952044
22 399074 508 405678 0.36224313500042626
4 399967 68 400851 0.04198163000000932
32 408205 633 416434 0.4006561359992702
27 415648 570 423058 0.3595046709997405
3 417844 168 420028 0.09915645599994605
16 421185 256 424513 0.17063189599957695
25 428069 530 434959 0.3470904669993615
2 429041 74 430003 0.043901731000005384
2 430303 95 431538 0.058675453000432753
11 433133 216 435941 0.13993894000032014
6 435178 157 437219 0.10803159900024184
34 444052 682 452918 0.42807260200061137
46 455841 905 467606 0.5454862049991789
77 473568 1364 491300 0.8244036219994086
3 474436 65 475281 0.03893986599996424
