2 15469 42 16015 0.06562474100064719
22 131268 349 135805 0.5037434969999595
6 160295 82 161361 0.10895164200064755
28 329480 549 336617 0.7404851720002625
43 603719 904 615471 1.279021250000369
30 780448 628 788612 0.8681462119993739
6 827248 149 829185 0.23101167599998007
7 873668 154 875670 0.23923387800005003
10 926602 172 928838 0.26233304899960785
13 991045 183 993424 0.28012215299986565
34 1204185 760 1214065 0.9944050390004122
17 1299446 255 1302761 0.424949698999626
1 1307481 20 1307741 0.03412284100068064
3 1344858 127 1346509 0.1768030829998679
0 1352012 21 1352285 0.043655747000229894
41 1595347 762 1605253 1.1443820770000457
5 1627331 83 1628410 0.14974668099966948
14 1716014 287 1719745 0.49359567100054846
45 2021278 1052 2034954 1.7231423950006501
15 2113046 334 2117388 0.5297434209996936
2 2128062 37 2128543 0.07041946800018195
6 2174467 172 2176703 0.2839521070000046
3 2214992 165 2217137 0.2517107550002038
1 2226572 61 2227365 0.08498093900016102
10 2293420 237 2296501 0.37818866099951265
24 2444256 482 2450522 0.8376760569999533
5 2478384 98 2479658 0.1753640560000349
3 2507251 96 2508499 0.2057866520008247
5 2548957 125 2550582 0.16830793999997695
12 2607909 193 2610418 0.3634917139997924
19 2723124 368 2727908 0.6026361639997049
0 2734049 42 2734595 0.07107420499960426
15 2851481 426 2857019 0.7186505520003266
13 2942945 330 2947235 0.49877329300034035
3 2975294 112 2976750 0.14733073099978355
7 3030311 167 3032482 0.31238832700000785
12 3116799 320 3120959 0.42987217599966243
20 3206867 335 3211222 0.4546875750002073
2 3223685 61 3224478 0.086003860999881
2 3236659 37 3237140 0.07327914899997268
8 3287533 188 3289977 0.28038862499943207
2 3307367 61 3308160 0.10838994500045374
16 3402207 335 3406562 0.4354747399993357
1 3418304 53 3418993 0.07674692399996275
9 3481382 213 3484151 0.3160408699995969
27 3646371 592 3654067 0.7766616979997707
13 3718157 229 3721134 0.34532262700031424
58 4069364 1132 4084080 1.5628959860005125
21 4209468 506 4216046 0.6750988289995803
8 4265784 211 4268527 0.30114923200017074
