0 130000 0.0003597470804197071
0 130000 0.41859015533922195
0 130000 0.0003597470804197071
0 130000 0.0003597470804197071
0 130000 0.0004796627738929428
0 130000 0.0003597470804197071
0 130000 0.0004796627738929428
0 130000 0.0003597470804197071
0 130000 0.0003597470804197071
0 130000 0.0003597470804197071
0 130000 0.0003597470804197071
0 130000 0.0003597470804197071
0 130000 0.0021584824825182426
0 130000 0.0003597470804197071
0 130000 0.0003597470804197071
0 130000 0.0003597470804197071
0 130000 0.0003597470804197071
0 130000 0.0003597470804197071
0 130000 0.0003597470804197071
0 130000 0.0003597470804197071
0 130000 0.0003597470804197071
0 130000 0.0003597470804197071
0 130000 0.0003597470804197071
0 130000 0.0003597470804197071
0 130000 0.0003597470804197071
0 130000 0.0003597470804197071
0 130000 0.0003597470804197071
0 130000 0.0003597470804197071
0 130000 0.0003597470804197071
0 130000 0.0003597470804197071
0 130000 0.0003597470804197071
0 130000 0.0003597470804197071
0 130000 0.0003597470804197071
0 130000 0.0003597470804197071
0 130000 0.0003597470804197071
0 130000 0.0003597470804197071
0 130000 0.0003597470804197071
0 130000 0.0003597470804197071
0 130000 0.48659567750448807
0 130000 0.0003597470804197071
0 130000 0.0003597470804197071
0 130000 0.0003597470804197071
0 130000 0.0003597470804197071
0 130000 0.0003597470804197071
0 130000 0.0005995784673661784
0 130000 0.0003597470804197071
0 130000 0.6894530589633786
0 130000 0.0003597470804197071
0 130000 0.0021584824825182426
0 130000 0.0003597470804197071
