0 11658 50 12308 0.06954476699957013
0 26214 10000 156214 5.484941854000681
0 167987 10000 297987 5.812616837999485
0 344217 59 344984 0.07445894899956329
0 357759 10000 487759 5.220620308000434
0 494454 10000 624454 6.647749098000531
0 718415 43 718974 0.04987138500018773
0 739665 10000 869665 5.195702717999666
0 876244 10000 1006244 5.697249836999617
0 1047402 10000 1177402 5.158338676000312
0 1182901 23 1183200 0.03795260000060807
0 1189714 10000 1319714 5.098572781000257
0 1332313 10000 1462313 5.700851859000068
0 1506957 44 1507529 0.06632021700079349
0 1514562 10000 1644562 5.533407894999982
0 1679077 10000 1809077 5.15087986799972
0 1835806 531 1842709 0.557985207999991
0 1842837 10000 1972837 5.467548175000047
0 2000530 56 2001258 0.06922749000023032
0 2012073 10000 2142073 5.13905586600049
0 2152962 10000 2282962 5.101894779000759
0 2287621 10000 2417621 5.403965221999897
0 2439544 10000 2569544 5.05277262799973
0 2582902 10000 2712902 5.088561437999488
0 2722083 10000 2852083 5.051087863000248
0 2858548 23 2858847 0.03740048500003468
0 2869855 10000 2999855 5.259398879999935
0 3015447 10000 3145447 5.082471267000074
0 3154433 45 3155018 0.07247192700015148
0 3161703 10000 3291703 5.340743312000086
0 3315164 56 3315892 0.08045056799983286
0 3326245 10000 3456245 5.098178598999766
0 3463034 10000 3593034 5.221108630000344
0 3609740 10000 3739740 5.1687178230004065
0 3864369 3717 3912690 3.1863357129996075
0 3873940 30 3874330 0.05484548099957465
0 3886525 10000 4016525 5.0990996199998335
0 4026619 10000 4156619 5.085349915999359
0 4161943 21 4162216 0.02950818600038474
0 4172226 40 4172746 0.05839026299963734
0 4176815 20 4177075 0.029119509999873117
0 4187763 10000 4317763 5.0912340539998695
0 4326663 10000 4456663 5.10426584599918
0 4477173 10000 4607173 5.120087440000134
0 4618420 85 4619525 0.14640490399960981
0 4631155 10000 4761155 5.170367519000138
0 4774539 44 4775111 0.05468553799983056
0 4789534 10000 4919534 5.164362873000755
0 4924391 17 4924612 0.031545765999908326
0 4934502 10000 5064502 5.23096490899934
