0 1250 10000 131250 5.662427158000355
0 131636 10000 261636 5.859014239999851
0 261499 10000 391499 5.54802774000018
0 390635 49 391272 0.030598057999668526
0 392152 116 393660 0.06666442900041147
0 393155 10000 523155 6.193163695999829
0 523296 10000 653296 5.575279815000613
0 653344 10000 783344 5.3980106210001395
0 783153 10000 913153 5.277362392999748
0 914092 10000 1044092 5.343776458999855
0 1043117 10000 1173117 5.324660383999799
0 1173428 10000 1303428 5.305861670000013
0 1303163 10000 1433163 5.286696201999803
0 1433787 10000 1563787 5.305603824999707
0 1563024 10000 1693024 5.329960846000176
0 1693731 10000 1823731 5.365306792999945
0 1822769 45 1823354 0.02754583499972796
0 1824279 10000 1954279 5.375239750000219
0 1953961 10000 2083961 5.38075044299967
0 2083502 10000 2213502 5.3124919530000625
0 2214469 10000 2344469 5.353681202000189
0 2343263 38 2343757 0.023968376999619068
0 2344400 10000 2474400 5.302573715000108
0 2474753 10000 2604753 5.290939234999314
0 2604120 10000 2734120 5.330467480999687
0 2733791 40 2734311 0.02515002799918875
0 2735391 10000 2865391 5.320848905000275
0 2865297 10000 2995297 5.293067991000498
0 2995817 10000 3125817 5.537253086999954
0 3124711 10000 3254711 5.299899304000064
0 3255323 117 3256844 0.06996747799985314
0 3256364 10000 3386364 5.364065297000707
0 3386789 10000 3516789 5.360032310999486
0 3516472 10000 3646472 5.292954556999575
0 3646478 10000 3776478 5.326495796000017
0 3776477 10000 3906477 5.355635738000274
0 3905965 47 3906576 0.02925647700067202
0 3907364 10000 4037364 5.339079343000776
0 4038522 10000 4168522 5.362790002999645
0 4167302 102 4168628 0.05897860999994009
0 4168228 10000 4298228 5.315421349000644
0 4298350 10000 4428350 5.408983037000326
0 4428270 10000 4558270 5.52278446299988
0 4557724 32 4558140 0.02024056299978838
0 4559217 10000 4689217 5.39398958700076
0 4689014 10000 4819014 5.347069368999655
0 4818918 10000 4948918 5.348265145999903
0 4948270 41 4948803 0.024413770000137447
0 4949720 10000 5079720 5.352133678999962
0 5079925 10000 5209925 5.345471277000797
